# N=5 Seed=0 {'Random_0': [32, 37, 40, 42, 45, 55, 52, 56, 54], 'Cautious_0': [35, 42, 55, 45, 40], 'Agressive_0': [42, 55, 90, 150, 163, 0], 'Cooperative_0': [30, 33, 37, 40, 43, 50, 52, 54, 53], 'Analyst_0': [32, 35, 40, 41, 40]}
# N=5 Seed=1 {'Random_0': [30, 35, 40, 48, 45, 78, 50, 53], 'Analyst_0': [23], 'Cooperative_0': [40, 50, 80, 60, 60, 95, 25, 48], 'Agressive_0': [43, 70, 105, 85, 75, 122, 0], 'Cautious_0': [28, 28]}
# N=5 Seed=2 {'Random_0': [27, 47, 45, 50, 55, 55, 64, 52], 'Cautious_0': [20], 'Analyst_0': [20], 'Cooperative_0': [45, 65, 50, 85, 73, 70, 25, 47], 'Agressive_0': [60, 90, 53, 110, 80, 105, 2]}
# N=5 Seed=3 {'Agressive_0': [32, 45, 90, 200, 85, 48, 0], 'Random_0': [30, 40, 50, 55, 48, 52, 50, 60, 57, 58], 'Analyst_0': [30, 32], 'Cooperative_0': [29, 40, 55, 110, 65, 48, 35, 55, 57, 6], 'Cautious_0': [25]}
# N=5 Seed=4 {'Analyst_0': [30, 40, 45, 40, 55, 50, 40], 'Cooperative_0': [45, 47, 95, 65, 80, 45, 44, 55, 24], 'Agressive_0': [70, 65, 140, 100, 120, 5], 'Random_0': [30, 35, 40, 43, 43, 40, 44, 55, 65], 'Cautious_0': [28]}
# N=5 Seed=5 {'Agressive_0': [90, 250, 97, 46, 17], 'Cautious_0': [24], 'Analyst_0': [27, 32], 'Random_0': [30, 40, 45, 43, 43, 44], 'Cooperative_0': [45, 90, 60, 43, 30, 43]}
# N=5 Seed=6 {'Analyst_0': [27, 33, 38, 45, 40], 'Random_0': [30, 35, 34], 'Cautious_0': [30, 38, 35, 42, 40], 'Agressive_0': [45, 45, 70, 100, 100], 'Cooperative_0': [26]}
# N=5 Seed=7 {'Cooperative_0': [38, 47, 60, 65, 59, 110, 20], 'Agressive_0': [60, 52, 77, 110, 65, 130, 6], 'Analyst_0': [30, 30], 'Cautious_0': [28], 'Random_0': [28]}
# N=5 Seed=8 {'Analyst_0': [43, 42, 45, 55, 50, 90, 49], 'Agressive_0': [55, 46, 60, 95, 130, 114, 0], 'Cooperative_0': [27], 'Random_0': [33, 32], 'Cautious_0': [35, 38, 41, 40, 43, 40]}
# N=5 Seed=9 {'Cooperative_0': [50, 44, 60, 70, 60, 37, 47], 'Agressive_0': [80, 45, 90, 160, 100, 25], 'Cautious_0': [26, 30], 'Random_0': [30, 43, 43, 45, 49, 42, 49], 'Analyst_0': [22]}


# N=3 Seed=0 {'Agressive_0': [27, 43, 70, 170, 95, 70, 25], 'Random_0': [27, 39, 45, 80, 48, 62, 65], 'Cautious_0': [25]}
# N=3 Seed=1 {'Cautious_0': [30, 30], 'Random_0': [38, 50, 65, 90, 50, 55], 'Agressive_0': [50, 95, 160, 120, 75, 0]}
# N=3 Seed=2 {'Cautious_0': [25], 'Random_0': [31, 40, 45, 60, 70, 85, 43], 'Agressive_0': [36, 43, 60, 150, 85, 125, 1]}
# N=3 Seed=3 {'Cautious_0': [28], 'Random_0': [38, 40, 60, 90, 50, 60], 'Agressive_0': [43, 55, 95, 190, 94, 23]}
# N=3 Seed=4 {'Random_0': [30, 38, 45, 46, 45, 52, 52, 53], 'Cautious_0': [30, 42, 55, 40, 46, 50, 45, 50], 'Agressive_0': [33, 49, 80, 130, 100, 105, 3]}
# N=3 Seed=5 {'Agressive_0': [32, 45, 90, 185, 60, 75, 13], 'Cautious_0': [29], 'Random_0': [35, 45, 42, 65, 54, 67, 45]}
# N=3 Seed=6 {'Cautious_0': [30, 38, 40, 75, 10], 'Agressive_0': [53, 85, 150, 212, 0], 'Random_0': [30, 33, 32]}
# N=3 Seed=7 {'Random_0': [38, 55, 100, 70, 43], 'Agressive_0': [80, 95, 140, 185, 0], 'Cautious_0': [28]}
# N=3 Seed=8 {'Random_0': [32, 41, 42, 50, 45, 52, 51], 'Cautious_0': [45, 50, 43, 55, 45, 49, 45], 'Agressive_0': [58, 92, 195, 95, 60, 0]}
# N=3 Seed=9 {'Agressive_0': [55, 50, 54, 85, 170, 86, 0], 'Random_0': [43, 42, 43, 45, 45, 70, 52], 'Cautious_0': [41, 42, 40, 55, 40]}


# N=10 Seed=0 {'Random_1': [28, 37, 40, 42, 40], 'Analyst_1': [27, 31, 45, 21, 40], 'Cautious_0': [35, 28], 'Agressive_1': [65, 195, 240, 0], 'Analyst_0': [25], 'Cooperative_0': [30, 35, 48, 55, 55, 55, 54, 60, 52, 56], 'Random_0': [38, 45, 60, 85, 70, 82, 60, 55, 5], 'Agressive_0': [48, 55, 90, 120, 92, 95, 0], 'Cooperative_1': [28, 32, 36, 40, 41, 50, 52, 56, 57, 57], 'Cautious_1': [28, 30, 32]}
# N=10 Seed=1 {'Cautious_1': [17], 'Analyst_1': [18, 31, 38, 39, 42, 48, 47, 53, 54, 58], 'Cooperative_1': [28, 36, 46, 45, 50, 46, 52, 52, 52], 'Random_1': [35, 45, 50, 55, 47, 47, 50, 51, 53, 59], 'Agressive_1': [47, 65, 130, 250, 8], 'Analyst_0': [25, 48, 40, 40, 55, 40, 40], 'Agressive_0': [40, 80, 170, 55, 120, 35], 'Cooperative_0': [20, 31, 33], 'Cautious_0': [22, 30, 33], 'Random_0': [20, 29]}
# N=10 Seed=2 {'Agressive_1': [65, 270, 120, 45, 0], 'Cooperative_1': [25], 'Analyst_0': [25], 'Cooperative_0': [26, 32], 'Cautious_1': [27, 32], 'Random_1': [29, 35, 38, 43, 46, 48, 53, 56, 58, 65], 'Random_0': [29, 33, 55, 80, 32, 50, 55, 58, 57, 51], 'Analyst_1': [25], 'Cautious_0': [28, 32], 'Agressive_0': [50, 120, 210, 110, 10, 0]}
# N=10 Seed=3 {'Cautious_0': [37, 42, 50, 45, 60, 49, 21, 45], 'Agressive_1': [50, 46, 70, 110, 170, 54, 0], 'Cautious_1': [40, 42, 50, 60, 45, 30, 40, 47, 50], 'Agressive_0': [90, 75, 150, 85, 90, 10], 'Cooperative_1': [26], 'Cooperative_0': [29, 33, 37, 42, 45, 46, 50, 57, 62, 63], 'Random_1': [32, 35, 38, 45, 47, 48, 52, 56, 65, 69], 'Random_0': [35, 32, 41, 45, 43, 50, 62, 50, 54, 58], 'Analyst_1': [30, 30], 'Analyst_0': [29, 30]}
# N=10 Seed=4 {'Analyst_1': [40, 41, 43, 50, 42, 45, 42], 'Random_0': [40, 45, 50, 72, 45, 45, 45, 50], 'Agressive_0': [70, 97, 245, 88, 0], 'Random_1': [28, 34, 42, 44, 47, 52, 50, 52], 'Cautious_1': [30, 32], 'Cooperative_1': [42, 65, 120, 44, 55, 48, 52, 50], 'Agressive_1': [60, 95, 170, 55, 110, 10], 'Cautious_0': [25], 'Cooperative_0': [33, 37, 40, 40, 46, 48, 49, 50], 'Analyst_0': [36, 39, 40, 43, 45, 48, 45, 50]}
# N=10 Seed=5 {'Random_0': [29, 32], 'Analyst_0': [22], 'Cautious_0': [28, 40, 40, 40, 58, 41, 40, 48, 52], 'Agressive_0': [30, 50, 105, 160, 75, 80, 0], 'Analyst_1': [28, 36, 37, 43, 42, 44, 44, 45, 50], 'Random_1': [40, 38, 42, 46, 45, 42, 43, 43], 'Cautious_1': [37, 50, 68, 60, 53, 35, 41, 43], 'Agressive_1': [60, 80, 150, 95, 85, 30], 'Cooperative_0': [26, 32], 'Cooperative_1': [27, 32]}
# N=10 Seed=6 {'Agressive_1': [55, 45, 93, 200, 100, 7], 'Analyst_1': [22], 'Analyst_0': [25, 38, 45, 47, 55, 52, 60, 60, 40, 59], 'Cooperative_0': [35, 43, 65, 100, 70, 59, 50, 52, 26], 'Agressive_0': [90, 44, 80, 135, 90, 61, 0], 'Random_0': [32, 33, 41, 45, 42, 42, 46, 54, 52, 67], 'Cautious_1': [24, 30], 'Random_1': [24, 35, 42, 37], 'Cautious_0': [28, 35, 45, 43, 45, 42, 43, 55, 55, 44], 'Cooperative_1': [40, 42, 63, 50, 62, 30, 52, 61, 56, 44]}
# N=10 Seed=7 {'Analyst_1': [29, 38, 40, 43, 40, 41], 'Analyst_0': [22], 'Cautious_0': [22], 'Cooperative_0': [30, 40, 45, 48, 42, 45, 57, 60, 55, 49], 'Random_1': [37, 46, 55, 52, 40, 58, 70, 59, 56, 27], 'Agressive_0': [48, 60, 150, 85, 87, 70, 0], 'Cooperative_1': [26, 31, 50, 50, 43, 45, 50, 57, 56, 55], 'Cautious_1': [31, 28], 'Random_0': [40, 50, 68, 80, 45, 41], 'Agressive_1': [55, 87, 150, 208, 0]}
# N=10 Seed=8 {'Analyst_1': [28, 33, 38, 43, 42, 46, 43, 55, 58, 45], 'Random_0': [28, 37, 40, 45, 47, 60, 53, 65, 60, 65], 'Cooperative_1': [30, 40, 45, 45, 48, 50, 58, 48, 51], 'Cooperative_0': [38, 43, 50, 50, 55, 60, 62, 45, 55, 42], 'Agressive_0': [45, 50, 85, 90, 80, 87, 63, 0], 'Random_1': [25, 32, 50, 44, 57, 57, 47, 58, 58, 58], 'Cautious_0': [21], 'Cautious_1': [28, 29], 'Agressive_1': [60, 55, 100, 50, 90, 110, 35], 'Analyst_0': [28, 36, 25]}
# N=10 Seed=9 {'Cooperative_1': [27, 33, 38, 38], 'Analyst_1': [29, 36, 36, 40, 42, 42], 'Analyst_0': [35, 36, 40, 43, 42, 55, 53, 50, 48, 55], 'Random_0': [40, 40, 90, 63, 62, 62, 50, 48, 45], 'Agressive_0': [45, 50, 150, 82, 110, 63, 0], 'Cautious_1': [26, 40, 45, 40, 45, 45, 42, 43], 'Cautious_0': [24], 'Cooperative_0': [30, 52, 55, 50, 48, 55, 35, 48, 50, 57], 'Agressive_1': [35, 65, 100, 150, 55, 95, 0], 'Random_1': [28, 30]}


